Vector Kr : 
168
177
103
11
22
123
229
206
50
200
108
137
125
245
40
162
46
23
92
78
73
16
186
148
250
222
164
74
246
181
136
89
60
244
217
216
65
156
2
29
158
14
78
154
53
41
64
181
89
142
90
161
55
64
73
241
175
83
28
180
57
228
113
76
155
29
128
64
232
230
218
192
60
233
237
68
97
58
50
200
199
5
197
70
156
153
212
236
109
135
155
38
212
184
244
138
42
231
50
208
218
73
22
234
46
141
135
174
2
195
241
52
227
223
240
228
15
98
237
52
228
6
14
208
82
104
150
111
184
246
32
49
115
150
168
227
175
82
96
64
127
181
98
33
183
176
252
255
230
66
210
248
106
212
83
28
168
11
11
55
80
40
184
115
32
227
79
38
83
85
103
57
40
204
15
197
179
44
230
103
87
118
223
211
142
77
165
249
83
149
89
133
110
54
61
134
162
71
37
51
137
44
182
44
37
201
110
147
101
152
206
110
69
59
233
55
105
195
230
102
178
227
242
223
183
217
142
126
208
176
77
139
215
80
140
2
254
13
21
33
28
122
189
102
125
164
107
16
143
1
243
239
170
47
166
195
25
167
88
106
187
34
198
94
100
135
236
174
159
120
249
31
136
199
240
119
112
101
38
122
175
20
15
231
169
126
20
35
185
110
178
145
177
242
202
176
129
133
222
202
Vector Kc : 
9
30
61
199
69
71
142
113
78
170
55
165
22
215
7
98
159
124
40
185
48
237
115
55
236
140
192
29
212
58
219
121
119
30
138
106
167
239
79
176
136
119
77
154
99
177
30
185
163
135
172
236
63
38
34
202
109
220
153
8
133
66
161
116
127
190
229
230
98
223
170
251
18
239
28
118
43
102
56
195
22
129
51
136
122
224
109
7
141
151
164
153
18
102
220
25
222
196
114
175
158
243
172
155
131
198
173
247
145
66
116
7
237
182
206
170
251
182
193
81
211
148
145
75
112
62
43
90
126
223
13
138
52
220
29
219
174
21
160
161
217
147
240
64
81
201
131
17
226
254
167
73
80
252
73
182
253
103
27
29
93
47
249
115
199
95
240
26
ITER_MAX : 
1
